ts,symbol,channel,msg_type,direction,score,ev,price,msg_preview,status,reason
2026-06-29 17:50:30,BTC/USDT,telegram,observer,,40.27,-0.1418,60024.9,observer|symbol=BTC/USDT|score=40.3/13.6,sent,
2026-06-29 17:50:32,ETH/USDT,telegram,observer,,16.08,-0.3326,1575.87,observer|symbol=ETH/USDT|score=16.1/35.1,sent,
2026-06-29 17:50:33,ETH/USDT,telegram,strategy_approved,Short,35.06,-0.1684,1575.87,Telegram 已发送,sent,
2026-06-29 17:53:47,BTC/USDT,telegram,observer,,39.45,-0.1554,59950.7,observer|symbol=BTC/USDT|score=39.5/12.7,sent,
2026-06-29 17:53:51,ETH/USDT,telegram,observer,,15.26,-0.3446,1574.0,observer|symbol=ETH/USDT|score=15.3/34.2,sent,
2026-06-29 17:54:25,ETH/USDT,telegram,observer,,15.26,-0.3446,1574.58,observer|symbol=ETH/USDT|score=15.3/34.2,sent,
2026-06-29 17:56:09,ETH/USDT,telegram,observer,,15.76,-0.3373,1575.35,observer|symbol=ETH/USDT|score=15.8/34.8,sent,
2026-06-29 17:56:11,ETH/USDT,telegram,strategy_approved,Short,34.75,-0.1735,1575.35,Telegram 已发送,sent,
2026-06-29 17:56:52,BTC/USDT,telegram,observer,,40.27,-0.1418,60029.2,observer|symbol=BTC/USDT|score=40.3/13.6,sent,
2026-06-29 17:56:55,ETH/USDT,telegram,observer,,15.31,-0.3438,1575.09,observer|symbol=ETH/USDT|score=15.3/34.3,sent,
2026-06-29 17:56:57,ETH/USDT,telegram,strategy_approved,Short,34.3,-0.1808,1575.09,Telegram 已发送,sent,
2026-06-29 18:05:09,BTC/USDT,telegram,observer,,40.27,-0.1418,60124.4,observer|symbol=BTC/USDT|score=40.3/13.6,sent,
2026-06-29 18:05:13,ETH/USDT,telegram,observer,,39.34,-0.1571,1578.16,observer|symbol=ETH/USDT|score=39.3/12.6,sent,
2026-06-29 18:15:12,BTC/USDT,telegram,observer,,41.93,-0.1142,60204.7,observer|symbol=BTC/USDT|score=41.9/13.6,sent,
2026-06-29 18:15:16,ETH/USDT,telegram,observer,,41.1,-0.128,1583.36,observer|symbol=ETH/USDT|score=41.1/12.6,sent,
2026-06-29 18:28:32,BTC/USDT,telegram,observer,,41.1,-0.128,60168.1,observer|symbol=BTC/USDT|score=41.1/12.7,sent,
2026-06-29 18:28:36,ETH/USDT,telegram,observer,,41.1,-0.128,1580.67,observer|symbol=ETH/USDT|score=41.1/12.6,sent,
2026-06-29 18:42:24,BTC/USDT,telegram,observer,,36.96,-0.1793,60085.3,observer|symbol=BTC/USDT|score=37.0/14.8,sent,
2026-06-29 18:42:30,ETH/USDT,telegram,observer,,30.01,-0.2274,1578.46,observer|symbol=ETH/USDT|score=30.0/22.6,sent,
2026-06-29 18:45:36,BTC/USDT,telegram,observer,,36.96,-0.1793,60115.4,observer|symbol=BTC/USDT|score=37.0/16.6,sent,
2026-06-29 18:45:41,ETH/USDT,telegram,observer,,36.47,-0.1872,1578.68,observer|symbol=ETH/USDT|score=36.5/17.9,sent,
2026-06-29 19:13:23,BTC/USDT,telegram,observer,,21.98,-0.3036,59949.7,observer|symbol=BTC/USDT|score=22.0/29.8,sent,
2026-06-29 19:13:25,BTC/USDT,telegram,strategy_approved,Short,29.8,-0.1898,59949.7,Telegram 已发送,sent,
2026-06-29 19:13:31,ETH/USDT,telegram,observer,,14.03,-0.3553,1573.47,observer|symbol=ETH/USDT|score=14.0/41.1,sent,
2026-06-29 19:13:32,ETH/USDT,telegram,strategy_approved,Short,41.11,-0.0844,1573.47,Telegram 已发送,sent,
2026-06-29 19:14:27,BTC/USDT,telegram,observer,,21.98,-0.3036,59928.8,observer|symbol=BTC/USDT|score=22.0/29.8,sent,
2026-06-29 19:14:29,BTC/USDT,telegram,strategy_approved,Short,29.8,-0.1898,59928.8,Telegram 已发送,sent,
2026-06-29 19:17:11,ETH/USDT,telegram,observer,,13.65,-0.3607,1571.85,observer|symbol=ETH/USDT|score=13.7/40.7,sent,
2026-06-29 19:17:12,ETH/USDT,telegram,strategy_approved,Short,40.73,-0.0909,1571.85,Telegram 已发送,sent,
2026-06-29 19:51:22,BTC/USDT,telegram,observer,,21.15,-0.3159,59818.2,observer|symbol=BTC/USDT|score=21.1/27.2,sent,
2026-06-29 19:51:26,ETH/USDT,telegram,observer,,25.19,-0.2624,1571.6,observer|symbol=ETH/USDT|score=25.2/25.7,sent,
2026-06-29 19:52:41,BTC/USDT,telegram,observer,,21.76,-0.3069,59794.7,observer|symbol=BTC/USDT|score=21.8/27.8,sent,
2026-06-29 20:03:11,BTC/USDT,telegram,observer,,30.34,-0.2466,60013.8,observer|symbol=BTC/USDT|score=30.3/22.9,sent,
2026-06-29 20:03:16,ETH/USDT,telegram,observer,,32.12,-0.2188,1577.2,observer|symbol=ETH/USDT|score=32.1/24.7,sent,
2026-06-29 20:06:54,BTC/USDT,telegram,observer,,41.21,-0.1521,60477.7,observer|symbol=BTC/USDT|score=41.2/14.5,sent,
2026-06-29 20:06:58,ETH/USDT,telegram,observer,,42.48,-0.1336,1583.99,observer|symbol=ETH/USDT|score=42.5/15.8,sent,
2026-06-29 20:13:29,BTC/USDT,telegram,observer,,41.21,-0.1521,60708.3,observer|symbol=BTC/USDT|score=41.2/14.5,sent,
2026-06-29 20:13:33,ETH/USDT,telegram,observer,,42.48,-0.1336,1593.38,observer|symbol=ETH/USDT|score=42.5/15.8,sent,
2026-06-29 20:21:29,BTC/USDT,telegram,observer,,39.72,-0.1509,60611.1,observer|symbol=BTC/USDT|score=39.7/11.2,sent,
2026-06-29 20:21:33,ETH/USDT,telegram,observer,,41.34,-0.124,1591.97,observer|symbol=ETH/USDT|score=41.3/12.9,sent,
2026-06-29 21:23:05,BTC/USDT,telegram,observer,,40.62,-0.136,60116.2,observer|symbol=BTC/USDT|score=40.6/12.1,sent,
2026-06-29 21:23:13,ETH/USDT,telegram,observer,,38.73,-0.1672,1579.63,observer|symbol=ETH/USDT|score=38.7/12.0,sent,
2026-06-29 21:43:50,BTC/USDT,telegram,observer,,15.26,-0.36,59508.1,observer|symbol=BTC/USDT|score=15.3/40.6,sent,
2026-06-29 21:43:55,BTC/USDT,telegram,strategy_approved,Short,40.59,-0.1197,59508.1,Telegram 已发送,sent,
2026-06-29 21:44:01,ETH/USDT,telegram,observer,,24.36,-0.2913,1566.24,observer|symbol=ETH/USDT|score=24.4/30.4,sent,
2026-06-29 21:45:55,BTC/USDT,telegram,observer,,12.83,-0.3724,59533.1,observer|symbol=BTC/USDT|score=12.8/39.9,sent,
2026-06-29 21:45:58,BTC/USDT,telegram,strategy_approved,Short,39.92,-0.1047,59533.1,Telegram 已发送,sent,
2026-06-29 21:54:59,BTC/USDT,telegram,observer,,14.44,-0.3717,59393.9,observer|symbol=BTC/USDT|score=14.4/41.5,sent,
2026-06-29 21:55:00,BTC/USDT,telegram,strategy_approved,Short,41.52,-0.104,59393.9,Telegram 已发送,sent,
2026-06-29 21:55:07,ETH/USDT,telegram,observer,,23.53,-0.3038,1569.36,observer|symbol=ETH/USDT|score=23.5/29.6,sent,
2026-06-29 22:04:12,BTC/USDT,telegram,observer,,12.83,-0.3724,59433.4,observer|symbol=BTC/USDT|score=12.8/39.9,sent,
2026-06-29 22:04:44,BTC/USDT,telegram,strategy_approved,Short,39.92,-0.1047,59433.4,Telegram 已发送,sent,
2026-06-29 22:05:19,ETH/USDT,telegram,observer,,21.1,-0.3167,1570.63,observer|symbol=ETH/USDT|score=21.1/27.2,sent,
2026-06-29 22:14:51,BTC/USDT,telegram,observer,,15.26,-0.36,59068.1,observer|symbol=BTC/USDT|score=15.3/42.4,sent,
2026-06-29 22:15:00,BTC/USDT,telegram,strategy_approved,Short,42.35,-0.0919,59068.1,Telegram 已发送,sent,
2026-06-29 22:15:07,ETH/USDT,telegram,observer,,12.7,-0.3742,1559.51,observer|symbol=ETH/USDT|score=12.7/39.8,sent,
2026-06-29 22:15:21,ETH/USDT,telegram,strategy_approved,Short,39.79,-0.1069,1559.51,Telegram 已发送,sent,
2026-07-04 18:28:46,BTC/USDT,telegram,observer,,28.51,-0.2105,62476.3,observer|symbol=BTC/USDT|score=28.5/22.4,sent,
2026-07-04 18:29:18,ETH/USDT,telegram,observer,,52.73,-0.0584,1758.04,observer|symbol=ETH/USDT|score=52.7/11.7,sent,
2026-07-04 18:29:20,ETH/USDT,telegram,strategy_approved,Long,52.73,-0.0584,1758.04,Telegram 已发送,sent,
2026-07-04 23:49:40,BTC/USDT,telegram,observer,,54.33,-0.0453,62940.3,observer|symbol=BTC/USDT|score=54.3/14.0,sent,
2026-07-04 23:49:42,BTC/USDT,telegram,strategy_approved,Long,54.33,-0.0453,62940.3,Telegram 已发送,sent,
2026-07-04 23:49:47,ETH/USDT,telegram,observer,,46.53,-0.1151,1793.43,observer|symbol=ETH/USDT|score=46.5/12.2,sent,
2026-07-04 23:49:49,ETH/USDT,telegram,strategy_approved,Long,46.53,-0.1151,1793.43,Telegram 已发送,sent,
2026-07-05 10:25:58,BTC/USDT,telegram,observer,,17.15,-0.325,62699.8,observer|symbol=BTC/USDT|score=17.1/43.5,sent,
2026-07-05 10:26:00,BTC/USDT,telegram,strategy_approved,Short,43.46,-0.1246,62699.8,Telegram 已发送,sent,
2026-07-05 10:26:04,ETH/USDT,telegram,observer,,25.27,-0.2531,1762.5,observer|symbol=ETH/USDT|score=25.3/35.2,sent,
2026-07-05 10:32:40,BTC/USDT,telegram,observer,,15.53,-0.3335,62738.6,observer|symbol=BTC/USDT|score=15.5/41.8,sent,
2026-07-05 10:32:41,BTC/USDT,telegram,strategy_approved,Short,41.84,-0.1265,62738.6,Telegram 已发送,sent,
2026-07-05 10:32:45,ETH/USDT,telegram,observer,,18.37,-0.2987,1763.71,observer|symbol=ETH/USDT|score=18.4/33.3,sent,
2026-07-05 10:35:39,BTC/USDT,telegram,observer,,16.35,-0.3214,62770.0,observer|symbol=BTC/USDT|score=16.4/42.7,sent,
2026-07-05 10:35:40,BTC/USDT,telegram,strategy_approved,Short,42.66,-0.1162,62770.0,Telegram 已发送,sent,
2026-07-05 10:35:52,ETH/USDT,telegram,observer,,23.37,-0.2717,1764.62,observer|symbol=ETH/USDT|score=23.4/33.3,sent,
2026-07-05 10:37:26,BTC/USDT,telegram,observer,,15.53,-0.3335,62752.5,observer|symbol=BTC/USDT|score=15.5/41.8,sent,
2026-07-05 10:37:27,BTC/USDT,telegram,strategy_approved,Short,41.84,-0.1265,62752.5,Telegram 已发送,sent,
2026-07-05 10:37:32,ETH/USDT,telegram,observer,,23.37,-0.2717,1764.3,observer|symbol=ETH/USDT|score=23.4/33.3,sent,
2026-07-05 10:38:47,BTC/USDT,telegram,observer,,15.53,-0.3335,62739.6,observer|symbol=BTC/USDT|score=15.5/41.8,sent,
2026-07-05 10:38:49,BTC/USDT,telegram,strategy_approved,Short,41.84,-0.1265,62739.6,Telegram 已发送,sent,
2026-07-05 10:38:53,ETH/USDT,telegram,observer,,18.37,-0.2987,1763.35,observer|symbol=ETH/USDT|score=18.4/33.3,sent,
2026-07-05 11:29:15,BTC/USDT,telegram,observer,,19.11,-0.2875,62643.3,observer|symbol=BTC/USDT|score=19.1/39.1,sent,
2026-07-05 11:29:17,BTC/USDT,telegram,strategy_approved,Short,39.08,-0.1553,62643.3,Telegram 已发送,sent,
2026-07-05 11:29:22,ETH/USDT,telegram,observer,,19.19,-0.2863,1757.56,observer|symbol=ETH/USDT|score=19.2/39.2,sent,
2026-07-05 11:29:23,ETH/USDT,telegram,strategy_approved,Short,39.16,-0.154,1757.56,Telegram 已发送,sent,
2026-07-05 12:04:59,BTC/USDT,telegram,observer,,18.29,-0.2999,62725.7,observer|symbol=BTC/USDT|score=18.3/38.3,sent,
2026-07-05 12:05:01,BTC/USDT,telegram,strategy_approved,Short,38.26,-0.1687,62725.7,Telegram 已发送,sent,
2026-07-05 12:05:06,ETH/USDT,telegram,observer,,18.37,-0.2987,1761.01,observer|symbol=ETH/USDT|score=18.4/38.3,sent,
2026-07-05 12:05:07,ETH/USDT,telegram,strategy_approved,Short,38.33,-0.1675,1761.01,Telegram 已发送,sent,
2026-07-05 15:39:52,BTC/USDT,telegram,observer,,37.37,0.0864,62850.5,observer|symbol=BTC/USDT|score=37.4/20.2,sent,
2026-07-05 15:39:54,BTC/USDT,telegram,strategy_approved,Long,37.37,0.0864,62850.5,Telegram 已发送,sent,
2026-07-05 15:39:58,ETH/USDT,telegram,observer,,33.22,0.0737,1766.04,observer|symbol=ETH/USDT|score=33.2/20.0,sent,
2026-07-05 15:39:59,ETH/USDT,telegram,strategy_approved,Long,33.22,0.0737,1766.04,Telegram 已发送,sent,
2026-07-06 07:49:01,BTC/USDT,telegram,observer,,38.98,0.0598,99.41,observer|symbol=BTC/USDT|score=39.0/3.9,sent,
2026-07-06 07:49:03,BTC/USDT,telegram,strategy_approved,Long,38.98,0.0598,99.41,Telegram 已发送,sent,
2026-07-06 08:14:06,BTC/USDT,telegram,observer,,38.98,0.0598,99.41,observer|symbol=BTC/USDT|score=39.0/3.9,sent,
2026-07-06 08:14:08,BTC/USDT,telegram,strategy_approved,Long,38.98,0.0598,99.41,Telegram 已发送,sent,
2026-07-06 08:14:57,BTC/USDT,telegram,observer,,42.93,0.1013,63525.1,observer|symbol=BTC/USDT|score=42.9/15.0,skipped,no_structural_change
2026-07-06 08:15:45,BTC/USDT,telegram,observer,,43.02,0.1045,63628.6,observer|symbol=BTC/USDT|score=43.0/15.1,skipped,no_structural_change
2026-07-06 13:14:23,BTC/USDT,telegram,observer,,17.64,-0.0156,63194.5,observer|symbol=BTC/USDT|score=17.6/38.2,sent,
2026-07-06 13:14:24,BTC/USDT,telegram,strategy_approved,Short,38.2,0.0836,63194.5,Telegram 已发送,sent,
2026-07-06 13:14:30,ETH/USDT,telegram,observer,,17.44,-0.038,1775.74,observer|symbol=ETH/USDT|score=17.4/34.5,sent,
2026-07-06 13:14:32,ETH/USDT,telegram,strategy_approved,Short,34.46,0.0671,1775.74,Telegram 已发送,sent,
2026-07-06 13:19:56,BTC/USDT,telegram,observer,,14.37,-0.0425,63153.3,observer|symbol=BTC/USDT|score=14.4/41.1,sent,
2026-07-06 13:19:58,BTC/USDT,telegram,strategy_approved,Short,41.09,0.1029,63153.3,Telegram 已发送,sent,
2026-07-06 13:20:03,ETH/USDT,telegram,observer,,17.44,-0.038,1775.12,observer|symbol=ETH/USDT|score=17.4/36.2,sent,
2026-07-06 13:20:04,ETH/USDT,telegram,strategy_approved,Short,36.22,0.0831,1775.12,Telegram 已发送,sent,
2026-07-06 13:28:27,BTC/USDT,telegram,observer,,17.07,-0.0338,63010.8,observer|symbol=BTC/USDT|score=17.1/43.8,sent,
2026-07-06 13:28:28,BTC/USDT,telegram,strategy_approved,Short,43.79,0.0916,63010.8,Telegram 已发送,sent,
2026-07-06 13:28:32,ETH/USDT,telegram,observer,,23.99,0.0,1768.57,observer|symbol=ETH/USDT|score=24.0/39.5,sent,
2026-07-06 13:28:33,ETH/USDT,telegram,strategy_approved,Short,39.47,0.082,1768.57,Telegram 已发送,sent,
2026-07-06 17:31:13,BTC/USDT,telegram,observer,,18.11,-0.015,62684.8,observer|symbol=BTC/USDT|score=18.1/43.8,sent,
2026-07-06 17:31:14,BTC/USDT,telegram,strategy_approved,Short,43.75,0.1003,62684.8,Telegram 已发送,sent,
2026-07-06 17:36:47,BTC/USDT,telegram,observer,,18.64,-0.0131,62658.0,observer|symbol=BTC/USDT|score=18.6/44.3,sent,
2026-07-06 17:36:49,BTC/USDT,telegram,strategy_approved,Short,44.29,0.1007,62658.0,Telegram 已发送,sent,
2026-07-06 17:36:54,ETH/USDT,telegram,observer,,22.82,-0.0011,1757.43,observer|symbol=ETH/USDT|score=22.8/39.1,sent,
2026-07-06 17:36:56,ETH/USDT,telegram,strategy_approved,Short,39.13,0.0876,1757.43,Telegram 已发送,sent,
2026-07-06 18:13:51,BTC/USDT,telegram,observer,,21.95,0.0086,62818.9,observer|symbol=BTC/USDT|score=21.9/41.2,sent,
2026-07-06 18:13:52,BTC/USDT,telegram,strategy_approved,Short,41.25,0.087,62818.9,Telegram 已发送,sent,
2026-07-06 18:13:57,ETH/USDT,telegram,observer,,26.12,0.0205,1765.78,observer|symbol=ETH/USDT|score=26.1/36.1,sent,
2026-07-06 18:13:58,ETH/USDT,telegram,strategy_approved,Long,26.12,0.0205,1765.78,Telegram 已发送,sent,
2026-07-06 18:36:12,BTC/USDT,telegram,observer,,35.08,0.0,62931.6,observer|symbol=BTC/USDT|score=35.1/29.4,sent,
2026-07-06 18:36:14,BTC/USDT,telegram,strategy_approved,Long,35.08,0.0,62931.6,Telegram 已发送,sent,
2026-07-06 18:36:19,ETH/USDT,telegram,observer,,43.77,0.0,1769.78,observer|symbol=ETH/USDT|score=43.8/22.5,sent,
2026-07-06 18:36:20,ETH/USDT,telegram,strategy_approved,Long,43.77,0.0,1769.78,Telegram 已发送,sent,
2026-07-06 18:41:14,BTC/USDT,telegram,observer,,36.81,0.0834,62929.1,observer|symbol=BTC/USDT|score=36.8/28.8,sent,
2026-07-06 18:41:15,BTC/USDT,telegram,strategy_approved,Long,36.81,0.0834,62929.1,Telegram 已发送,sent,
2026-07-06 18:41:19,ETH/USDT,telegram,observer,,48.13,0.1025,1770.94,observer|symbol=ETH/USDT|score=48.1/10.5,sent,
2026-07-06 18:41:21,ETH/USDT,telegram,strategy_approved,Long,48.13,0.1025,1770.94,Telegram 已发送,sent,
2026-07-06 19:18:16,BTC/USDT,telegram,observer,,16.92,-0.0286,62784.5,observer|symbol=BTC/USDT|score=16.9/45.0,sent,
2026-07-06 19:18:17,BTC/USDT,telegram,strategy_approved,Short,44.98,0.103,62784.5,Telegram 已发送,sent,
2026-07-06 19:18:22,ETH/USDT,telegram,observer,,31.51,0.0415,1767.71,observer|symbol=ETH/USDT|score=31.5/25.9,sent,
2026-07-06 19:18:24,ETH/USDT,telegram,strategy_approved,Long,31.51,0.0415,1767.71,Telegram 已发送,sent,
2026-07-06 20:29:02,BTC/USDT,telegram,observer,,23.07,0.0128,62087.0,observer|symbol=BTC/USDT|score=23.1/48.7,sent,
2026-07-06 20:29:04,BTC/USDT,telegram,strategy_approved,Short,48.66,0.1129,62087.0,Telegram 已发送,sent,
2026-07-06 20:29:08,ETH/USDT,telegram,observer,,18.03,-0.0229,1749.38,observer|symbol=ETH/USDT|score=18.0/39.0,sent,
2026-07-06 20:29:10,ETH/USDT,telegram,strategy_approved,Short,39.03,0.0834,1749.38,Telegram 已发送,sent,
2026-07-06 22:42:05,BTC/USDT,telegram,observer,,20.04,-0.0022,62067.1,observer|symbol=BTC/USDT|score=20.0/39.4,sent,
2026-07-06 22:42:10,BTC/USDT,telegram,strategy_approved,Short,39.35,0.0762,62067.1,Telegram 已发送,sent,
2026-07-06 22:42:13,ETH/USDT,telegram,observer,,32.92,0.0552,1752.84,observer|symbol=ETH/USDT|score=32.9/18.0,sent,
2026-07-06 22:42:17,ETH/USDT,telegram,strategy_approved,Long,32.92,0.0552,1752.84,Telegram 已发送,sent,
2026-07-06 22:46:20,BTC/USDT,telegram,observer,,20.87,0.0046,61951.6,observer|symbol=BTC/USDT|score=20.9/40.2,sent,
2026-07-06 22:46:24,BTC/USDT,telegram,strategy_approved,Short,40.17,0.083,61951.6,Telegram 已发送,sent,
2026-07-06 22:46:27,ETH/USDT,telegram,observer,,30.09,0.0499,1750.61,observer|symbol=ETH/USDT|score=30.1/28.2,sent,
2026-07-06 22:53:30,BTC/USDT,telegram,observer,,20.75,0.0036,61937.1,observer|symbol=BTC/USDT|score=20.8/40.1,sent,
2026-07-06 22:53:35,BTC/USDT,telegram,strategy_approved,Short,40.06,0.0821,61937.1,Telegram 已发送,sent,
2026-07-06 22:53:38,ETH/USDT,telegram,observer,,20.48,0.0014,1748.44,observer|symbol=ETH/USDT|score=20.5/38.7,sent,
2026-07-06 22:53:54,ETH/USDT,telegram,strategy_approved,Short,38.68,0.0708,1748.44,Telegram 已发送,sent,
2026-07-06 23:07:13,BTC/USDT,telegram,observer,,52.73,0.1312,62324.9,observer|symbol=BTC/USDT|score=52.7/15.6,sent,
2026-07-06 23:07:16,BTC/USDT,telegram,strategy_approved,Long,52.73,0.1312,62324.9,Telegram 已发送,sent,
2026-07-06 23:07:23,ETH/USDT,telegram,observer,,47.73,0.1128,1758.89,observer|symbol=ETH/USDT|score=47.7/14.0,sent,
2026-07-06 23:07:25,ETH/USDT,telegram,strategy_approved,Long,47.73,0.1128,1758.89,Telegram 已发送,sent,
2026-07-06 23:10:04,BTC/USDT,telegram,observer,,52.73,0.1312,62420.0,observer|symbol=BTC/USDT|score=52.7/15.6,sent,
2026-07-06 23:10:11,BTC/USDT,telegram,strategy_approved,Long,52.73,0.1312,62420.0,Telegram 已发送,sent,
2026-07-06 23:10:17,ETH/USDT,telegram,observer,,48.21,0.1132,1760.75,observer|symbol=ETH/USDT|score=48.2/19.4,sent,
2026-07-06 23:10:20,ETH/USDT,telegram,strategy_approved,Long,48.21,0.1132,1760.75,Telegram 已发送,sent,
2026-07-06 23:12:36,BTC/USDT,telegram,observer,,53.21,0.1316,62404.1,observer|symbol=BTC/USDT|score=53.2/16.0,sent,
2026-07-06 23:12:48,BTC/USDT,telegram,strategy_approved,Long,53.21,0.1316,62404.1,Telegram 已发送,sent,
2026-07-06 23:12:52,ETH/USDT,telegram,observer,,48.21,0.1132,1760.85,observer|symbol=ETH/USDT|score=48.2/19.4,sent,
2026-07-06 23:12:57,ETH/USDT,telegram,strategy_approved,Long,48.21,0.1132,1760.85,Telegram 已发送,sent,
2026-07-06 23:23:51,BTC/USDT,telegram,observer,,53.38,0.1337,62386.2,observer|symbol=BTC/USDT|score=53.4/14.6,sent,
2026-07-06 23:24:00,BTC/USDT,telegram,strategy_approved,Long,53.38,0.1337,62386.2,Telegram 已发送,sent,
2026-07-06 23:24:06,ETH/USDT,telegram,observer,,49.3,0.1188,1759.69,observer|symbol=ETH/USDT|score=49.3/19.2,sent,
2026-07-06 23:24:08,ETH/USDT,telegram,strategy_approved,Long,49.3,0.1188,1759.69,Telegram 已发送,sent,
2026-07-07 00:11:11,BTC/USDT,telegram,observer,,47.56,0.0996,63624.2,observer|symbol=BTC/USDT|score=47.6/13.9,sent,
2026-07-07 00:11:13,BTC/USDT,telegram,strategy_approved,Long,47.56,0.0996,63624.2,Telegram 已发送,sent,
2026-07-07 00:11:17,ETH/USDT,telegram,observer,,48.83,0.1038,1799.74,observer|symbol=ETH/USDT|score=48.8/15.2,sent,
2026-07-07 00:11:18,ETH/USDT,telegram,strategy_approved,Long,48.83,0.1038,1799.74,Telegram 已发送,sent,
2026-07-07 00:23:44,BTC/USDT,telegram,observer,,47.75,0.031,63588.0,observer|symbol=BTC/USDT|score=47.8/14.1,sent,
2026-07-07 00:23:48,BTC/USDT,telegram,strategy_approved,Long,47.75,0.031,63588.0,Telegram 已发送,sent,
2026-07-07 00:23:53,ETH/USDT,telegram,observer,,47.75,0.031,1795.61,observer|symbol=ETH/USDT|score=47.8/14.1,sent,
2026-07-07 00:23:54,ETH/USDT,telegram,strategy_approved,Long,47.75,0.031,1795.61,Telegram 已发送,sent,
2026-07-08 00:32:51,BTC/USDT,telegram,observer,,38.98,-0.0053,99.41,observer|symbol=BTC/USDT|score=39.0/3.9,sent,
2026-07-08 00:33:08,BTC/USDT,telegram,observer,,38.98,-0.0053,99.41,observer|symbol=BTC/USDT|score=39.0/3.9,skipped,no_structural_change
2026-07-08 00:33:10,BTC/USDT,telegram,observer,,38.98,-0.0053,99.41,observer|symbol=BTC/USDT|score=39.0/3.9,skipped,no_structural_change
2026-07-08 00:33:12,BTC/USDT,telegram,observer,,38.98,-0.0053,99.41,observer|symbol=BTC/USDT|score=39.0/3.9,skipped,no_structural_change
2026-07-08 00:33:14,BTC/USDT,telegram,observer,,38.98,-0.0053,99.41,observer|symbol=BTC/USDT|score=39.0/3.9,skipped,no_structural_change
2026-07-08 00:33:15,BTC/USDT,telegram,observer,,38.98,-0.0053,99.41,observer|symbol=BTC/USDT|score=39.0/3.9,skipped,no_structural_change
2026-07-08 00:33:17,BTC/USDT,telegram,observer,,38.98,-0.0053,99.41,observer|symbol=BTC/USDT|score=39.0/3.9,skipped,no_structural_change
2026-07-08 00:33:19,BTC/USDT,telegram,observer,,38.98,-0.0053,99.41,observer|symbol=BTC/USDT|score=39.0/3.9,skipped,no_structural_change
2026-07-08 00:33:21,BTC/USDT,telegram,observer,,38.98,-0.0053,99.41,observer|symbol=BTC/USDT|score=39.0/3.9,skipped,no_structural_change
2026-07-08 00:33:23,BTC/USDT,telegram,observer,,38.98,-0.0053,99.41,observer|symbol=BTC/USDT|score=39.0/3.9,skipped,no_structural_change
2026-07-08 00:33:24,BTC/USDT,telegram,observer,,38.98,-0.0053,99.41,observer|symbol=BTC/USDT|score=39.0/3.9,skipped,no_structural_change
2026-07-08 00:33:26,BTC/USDT,telegram,observer,,38.98,-0.0053,99.41,observer|symbol=BTC/USDT|score=39.0/3.9,skipped,no_structural_change
2026-07-08 00:33:28,BTC/USDT,telegram,observer,,38.98,-0.0053,99.41,observer|symbol=BTC/USDT|score=39.0/3.9,skipped,no_structural_change
2026-07-08 00:33:30,BTC/USDT,telegram,observer,,38.98,-0.0053,99.41,observer|symbol=BTC/USDT|score=39.0/3.9,skipped,no_structural_change
2026-07-08 00:33:31,BTC/USDT,telegram,observer,,38.98,-0.0053,99.41,observer|symbol=BTC/USDT|score=39.0/3.9,skipped,no_structural_change
2026-07-08 00:33:33,BTC/USDT,telegram,observer,,38.98,-0.0053,99.41,observer|symbol=BTC/USDT|score=39.0/3.9,skipped,no_structural_change
2026-07-08 00:33:35,BTC/USDT,telegram,observer,,38.98,-0.0053,99.41,observer|symbol=BTC/USDT|score=39.0/3.9,skipped,no_structural_change
2026-07-08 00:33:37,BTC/USDT,telegram,observer,,38.98,-0.0053,99.41,observer|symbol=BTC/USDT|score=39.0/3.9,skipped,no_structural_change
2026-07-08 00:33:38,BTC/USDT,telegram,observer,,38.98,-0.0053,99.41,observer|symbol=BTC/USDT|score=39.0/3.9,skipped,no_structural_change
2026-07-08 00:33:40,BTC/USDT,telegram,observer,,38.98,-0.0053,99.41,observer|symbol=BTC/USDT|score=39.0/3.9,skipped,no_structural_change
2026-07-08 00:33:42,BTC/USDT,telegram,observer,,38.98,-0.0053,99.41,observer|symbol=BTC/USDT|score=39.0/3.9,skipped,no_structural_change
2026-07-08 00:33:44,BTC/USDT,telegram,observer,,38.98,-0.0053,99.41,observer|symbol=BTC/USDT|score=39.0/3.9,skipped,no_structural_change
2026-07-08 00:33:45,BTC/USDT,telegram,observer,,38.98,-0.0053,99.41,observer|symbol=BTC/USDT|score=39.0/3.9,skipped,no_structural_change
2026-07-08 00:33:47,BTC/USDT,telegram,observer,,38.98,-0.0053,99.41,observer|symbol=BTC/USDT|score=39.0/3.9,skipped,no_structural_change
2026-07-08 00:33:49,BTC/USDT,telegram,observer,,38.98,-0.0053,99.41,observer|symbol=BTC/USDT|score=39.0/3.9,skipped,no_structural_change
2026-07-08 00:33:51,BTC/USDT,telegram,observer,,38.98,-0.0053,99.41,observer|symbol=BTC/USDT|score=39.0/3.9,skipped,no_structural_change
2026-07-08 00:33:52,BTC/USDT,telegram,observer,,38.98,-0.0053,99.41,observer|symbol=BTC/USDT|score=39.0/3.9,skipped,no_structural_change
2026-07-08 00:33:54,BTC/USDT,telegram,observer,,38.98,-0.0053,99.41,observer|symbol=BTC/USDT|score=39.0/3.9,skipped,no_structural_change
2026-07-08 00:33:56,BTC/USDT,telegram,observer,,38.98,-0.0053,99.41,observer|symbol=BTC/USDT|score=39.0/3.9,skipped,no_structural_change
2026-07-08 00:33:58,BTC/USDT,telegram,observer,,38.98,-0.0053,99.41,observer|symbol=BTC/USDT|score=39.0/3.9,skipped,no_structural_change
2026-07-08 00:34:00,BTC/USDT,telegram,observer,,38.98,-0.0053,99.41,observer|symbol=BTC/USDT|score=39.0/3.9,skipped,no_structural_change
2026-07-08 00:34:02,BTC/USDT,telegram,observer,,38.98,-0.0053,99.41,observer|symbol=BTC/USDT|score=39.0/3.9,skipped,no_structural_change
2026-07-08 00:34:04,BTC/USDT,telegram,observer,,38.98,-0.0053,99.41,observer|symbol=BTC/USDT|score=39.0/3.9,skipped,no_structural_change
2026-07-08 00:34:06,BTC/USDT,telegram,observer,,38.98,-0.0053,99.41,observer|symbol=BTC/USDT|score=39.0/3.9,skipped,no_structural_change
2026-07-08 00:34:08,BTC/USDT,telegram,observer,,38.98,-0.0053,99.41,observer|symbol=BTC/USDT|score=39.0/3.9,skipped,no_structural_change
2026-07-08 00:34:09,BTC/USDT,telegram,observer,,38.98,-0.0053,99.41,observer|symbol=BTC/USDT|score=39.0/3.9,skipped,no_structural_change
2026-07-08 00:34:11,BTC/USDT,telegram,observer,,38.98,-0.0053,99.41,observer|symbol=BTC/USDT|score=39.0/3.9,skipped,no_structural_change
2026-07-08 00:34:13,BTC/USDT,telegram,observer,,38.98,-0.0053,99.41,observer|symbol=BTC/USDT|score=39.0/3.9,skipped,no_structural_change
2026-07-08 00:34:15,BTC/USDT,telegram,observer,,38.98,-0.0053,99.41,observer|symbol=BTC/USDT|score=39.0/3.9,skipped,no_structural_change
2026-07-08 00:34:17,BTC/USDT,telegram,observer,,38.98,-0.0053,99.41,observer|symbol=BTC/USDT|score=39.0/3.9,skipped,no_structural_change
2026-07-08 00:34:19,BTC/USDT,telegram,observer,,38.98,-0.0053,99.41,observer|symbol=BTC/USDT|score=39.0/3.9,skipped,no_structural_change
2026-07-08 00:34:21,BTC/USDT,telegram,observer,,38.98,-0.0053,99.41,observer|symbol=BTC/USDT|score=39.0/3.9,skipped,no_structural_change
2026-07-08 00:34:23,BTC/USDT,telegram,observer,,38.98,-0.0053,99.41,observer|symbol=BTC/USDT|score=39.0/3.9,skipped,no_structural_change
2026-07-08 00:34:25,BTC/USDT,telegram,observer,,38.98,-0.0053,99.41,observer|symbol=BTC/USDT|score=39.0/3.9,skipped,no_structural_change
2026-07-08 00:34:26,BTC/USDT,telegram,observer,,38.98,-0.0053,99.41,observer|symbol=BTC/USDT|score=39.0/3.9,skipped,no_structural_change
2026-07-08 00:34:28,BTC/USDT,telegram,observer,,38.98,-0.0053,99.41,observer|symbol=BTC/USDT|score=39.0/3.9,skipped,no_structural_change
2026-07-08 00:34:30,BTC/USDT,telegram,observer,,38.98,-0.0053,99.41,observer|symbol=BTC/USDT|score=39.0/3.9,skipped,no_structural_change
2026-07-08 00:34:32,BTC/USDT,telegram,observer,,38.98,-0.0053,99.41,observer|symbol=BTC/USDT|score=39.0/3.9,skipped,no_structural_change
2026-07-08 00:34:34,BTC/USDT,telegram,observer,,38.98,-0.0053,99.41,observer|symbol=BTC/USDT|score=39.0/3.9,skipped,no_structural_change
2026-07-08 00:34:35,BTC/USDT,telegram,observer,,38.98,-0.0053,99.41,observer|symbol=BTC/USDT|score=39.0/3.9,skipped,no_structural_change
2026-07-08 00:34:37,BTC/USDT,telegram,observer,,38.98,-0.0053,99.41,observer|symbol=BTC/USDT|score=39.0/3.9,skipped,no_structural_change
2026-07-08 00:37:06,BTC/USDT,telegram,observer,,41.5,0.014,63978.1,observer|symbol=BTC/USDT|score=41.5/11.1,skipped,no_structural_change
2026-07-08 00:37:09,ETH/USDT,telegram,observer,,41.45,0.0237,1800.61,observer|symbol=ETH/USDT|score=41.5/9.2,skipped,no_structural_change
2026-07-08 00:39:05,BTC/USDT,telegram,observer,,41.81,0.0156,63927.8,observer|symbol=BTC/USDT|score=41.8/11.4,skipped,no_structural_change
2026-07-08 00:39:08,ETH/USDT,telegram,observer,,38.05,0.0101,1799.9,observer|symbol=ETH/USDT|score=38.0/11.9,skipped,no_structural_change
2026-07-08 00:41:46,BTC/USDT,telegram,observer,,41.5,0.014,63964.0,observer|symbol=BTC/USDT|score=41.5/11.1,skipped,no_structural_change
2026-07-08 00:41:49,ETH/USDT,telegram,observer,,38.16,0.0107,1799.62,observer|symbol=ETH/USDT|score=38.2/17.0,skipped,no_structural_change
2026-07-08 00:45:33,BTC/USDT,telegram,observer,,45.72,0.0244,64011.0,observer|symbol=BTC/USDT|score=45.7/8.9,skipped,no_structural_change
2026-07-08 00:45:36,ETH/USDT,telegram,observer,,42.31,0.0275,1803.46,observer|symbol=ETH/USDT|score=42.3/9.7,skipped,no_structural_change
2026-07-08 00:48:13,BTC/USDT,telegram,observer,,45.91,0.025,63984.0,observer|symbol=BTC/USDT|score=45.9/9.1,skipped,no_structural_change
2026-07-08 00:55:11,BTC/USDT,telegram,observer,,45.08,0.0224,64082.5,observer|symbol=BTC/USDT|score=45.1/8.3,skipped,no_structural_change
2026-07-08 00:55:14,ETH/USDT,telegram,observer,,46.49,0.0269,1805.55,observer|symbol=ETH/USDT|score=46.5/8.9,skipped,no_structural_change
2026-07-08 00:56:26,BTC/USDT,telegram,observer,,45.08,0.0224,64052.1,observer|symbol=BTC/USDT|score=45.1/8.3,skipped,no_structural_change
2026-07-08 00:59:24,BTC/USDT,telegram,observer,,45.08,0.0224,63967.7,observer|symbol=BTC/USDT|score=45.1/8.3,skipped,no_structural_change
2026-07-08 00:59:26,ETH/USDT,telegram,observer,,41.49,0.0238,1801.39,observer|symbol=ETH/USDT|score=41.5/8.9,skipped,no_structural_change
2026-07-08 01:00:22,BTC/USDT,telegram,observer,,41.5,0.014,63957.6,observer|symbol=BTC/USDT|score=41.5/11.1,skipped,no_structural_change
2026-07-08 01:02:25,BTC/USDT,telegram,observer,,42.33,0.0177,64015.5,observer|symbol=BTC/USDT|score=42.3/11.9,skipped,no_structural_change
2026-07-08 01:02:28,ETH/USDT,telegram,observer,,37.91,0.0096,1801.36,observer|symbol=ETH/USDT|score=37.9/11.6,skipped,no_structural_change
2026-07-08 01:04:36,BTC/USDT,telegram,observer,,42.27,0.0175,63993.2,observer|symbol=BTC/USDT|score=42.3/11.8,skipped,no_structural_change
2026-07-08 01:04:39,ETH/USDT,telegram,observer,,42.91,0.0196,1800.64,observer|symbol=ETH/USDT|score=42.9/11.6,skipped,no_structural_change
2026-07-08 01:08:19,BTC/USDT,telegram,observer,,45.91,0.025,64072.0,observer|symbol=BTC/USDT|score=45.9/9.1,skipped,no_structural_change
2026-07-08 01:08:23,ETH/USDT,telegram,observer,,42.31,0.0275,1805.0,observer|symbol=ETH/USDT|score=42.3/9.7,skipped,no_structural_change
2026-07-08 01:09:16,BTC/USDT,telegram,observer,,45.91,0.025,64079.4,observer|symbol=BTC/USDT|score=45.9/9.1,skipped,no_structural_change
2026-07-08 01:09:19,ETH/USDT,telegram,observer,,42.31,0.0275,1805.55,observer|symbol=ETH/USDT|score=42.3/9.7,skipped,no_structural_change
2026-07-08 01:11:28,BTC/USDT,telegram,observer,,42.33,0.0177,64037.7,observer|symbol=BTC/USDT|score=42.3/11.9,skipped,no_structural_change
2026-07-08 01:11:31,ETH/USDT,telegram,observer,,38.54,0.0128,1804.13,observer|symbol=ETH/USDT|score=38.5/12.3,skipped,no_structural_change
2026-07-08 01:14:07,BTC/USDT,telegram,observer,,42.21,0.0173,64027.1,observer|symbol=BTC/USDT|score=42.2/11.8,skipped,no_structural_change
2026-07-08 01:14:09,ETH/USDT,telegram,observer,,38.6,0.0131,1804.19,observer|symbol=ETH/USDT|score=38.6/12.3,skipped,no_structural_change
2026-08-07 14:11:09,BTC/USDT,telegram,observer,,33.53,-0.0054,64346.5,observer|symbol=BTC/USDT|score=33.5/14.1,sent,
2026-08-07 14:11:12,BTC/USDT,telegram,strategy_approved,Long,33.53,-0.0054,64346.5,Telegram 已发送,sent,
2026-08-07 14:11:20,ETH/USDT,telegram,observer,,17.62,-0.049,1901.25,observer|symbol=ETH/USDT|score=17.6/8.4,sent,
2026-08-07 14:11:22,ETH/USDT,telegram,strategy_approved,Long,17.62,-0.049,1901.25,Telegram 已发送,sent,
2026-08-20 23:28:44,BTC/USDT,telegram,observer,,47.02,0.0167,72266.2,observer|symbol=BTC/USDT|score=47.0/13.8,sent,
2026-08-20 23:28:47,BTC/USDT,telegram,strategy_approved,Long,47.02,0.0167,72266.2,Telegram 已发送,sent,
2026-08-20 23:28:57,ETH/USDT,telegram,observer,,38.82,0.0039,2305.9,observer|symbol=ETH/USDT|score=38.8/12.4,sent,
2026-08-20 23:29:01,ETH/USDT,telegram,strategy_approved,Long,38.82,0.0039,2305.9,Telegram 已发送,sent,
